,Rk,Team,Conf,Div,W,L,W/L%,MOV,ORtg,DRtg,NRtg,MOV/A,ORtg/A,DRtg/A,NRtg/A,Games,Possesions/Game,Possesions,Adj_Point_Differential,Adj_Point_Differential_82,Adjusted_Win_Pct
0,1,Utah Jazz,W,NW,52,20,0.722,9.25,118.42,108.94,9.48,8.96,118.23,109.04,9.2,72,102.0,7344.0,696.2112,792.9071999999999,0.8028479078804697
1,2,Los Angeles Clippers,W,P,47,25,0.653,6.18,118.39,112.13,6.26,6.02,118.34,112.23,6.11,72,101.9,7336.8,459.28367999999995,523.0730799999999,0.6995038808026312
2,3,Phoenix Suns,W,P,51,21,0.708,5.82,118.01,112.14,5.87,5.67,117.96,112.22,5.74,72,103.2,7430.400000000001,436.16448,496.74288,0.6894196523819818
3,4,Milwaukee Bucks,E,C,46,26,0.639,5.89,117.68,112.03,5.65,5.57,117.67,112.34,5.33,72,102.7,7394.400000000001,417.78360000000004,475.8091,0.6814022040060629
4,5,Philadelphia 76ers,E,A,49,23,0.6809999999999999,5.58,114.13,108.51,5.62,5.28,113.96,108.66,5.3,72,99.5,7164.0,402.6168,458.5358,0.6747866863579477
5,6,Denver Nuggets,W,NW,47,25,0.653,4.93,118.04,113.01,5.03,4.82,118.02,113.1,4.92,72,99.8,7185.599999999999,361.43568,411.63507999999996,0.6568241348553796
6,7,Brooklyn Nets,E,A,48,24,0.667,4.5,118.91,114.4,4.52,4.24,119.0,114.76,4.24,72,103.1,7423.2,335.52863999999994,382.1298399999999,0.6455238948357034
7,8,Los Angeles Lakers,W,P,42,30,0.583,2.79,110.52,107.84,2.68,2.76,110.28,107.6,2.67,72,106.0,7632.0,204.5376,232.94559999999998,0.5883876804157229
8,9,Dallas Mavericks,W,SW,42,30,0.583,2.26,116.16,113.79,2.37,2.26,116.18,113.8,2.38,72,98.9,7120.8,168.76296,192.20226,0.5727833497543462
9,10,New York Knicks,E,A,41,31,0.569,2.31,111.38,108.97,2.41,2.13,111.23,109.01,2.21,72,99.4,7156.8,172.47888,196.43428,0.5744041751320781
10,11,Atlanta Hawks,E,SE,41,31,0.569,2.32,116.28,113.89,2.38,2.14,116.33,114.14,2.19,72,100.3,7221.599999999999,171.87407999999996,195.74547999999996,0.5741403709628677
11,12,Portland Trail Blazers,W,NW,42,30,0.583,1.79,118.28,116.58,1.7,1.8,118.42,116.68,1.73,72,101.4,7300.8,124.11359999999999,141.3516,0.5533080069623896
12,13,Boston Celtics,E,A,36,36,0.5,1.46,114.66,113.29,1.37,1.32,114.69,113.47,1.22,72,102.3,7365.599999999999,100.90872,114.92381999999999,0.5431864062844354
13,14,Golden State Warriors,W,P,39,33,0.542,1.06,111.74,110.65,1.09,1.1,111.61,110.47,1.14,72,102.0,7344.0,80.0496,91.1676,0.5340879889199187
14,15,Memphis Grizzlies,W,SW,38,34,0.528,1.03,112.77,111.77,1.0,1.07,112.69,111.63,1.06,72,102.6,7387.2,73.872,84.13199999999999,0.5313934177629841
15,16,Miami Heat,E,SE,40,32,0.556,0.03,112.12,111.98,0.13,-0.06,112.09,112.06,0.03,72,99.4,7156.8,9.30384,10.596039999999999,0.5032298102791164
16,17,Indiana Pacers,E,C,34,38,0.47200000000000003,-0.04,112.98,112.96,0.02,-0.12,112.99,113.07,-0.08,72,100.6,7243.2,1.4486400000000001,1.6498400000000002,0.4998034966052053
17,18,New Orleans Pelicans,W,SW,31,41,0.431,-0.29,114.47,114.78,-0.32,-0.2,114.52,114.73,-0.21,72,100.9,7264.8,-23.24736,-26.47616,0.4890314930291146
18,19,Toronto Raptors,E,A,27,45,0.375,-0.47,112.96,113.44,-0.48,-0.54,113.0,113.55,-0.56,72,100.2,7214.400000000001,-34.62912,-39.438719999999996,0.48406694980664106
19,20,Chicago Bulls,E,C,31,41,0.431,-0.89,111.9,112.81,-0.91,-0.94,111.9,112.87,-0.97,72,101.5,7308.0,-66.50280000000001,-75.7393,0.47016415603667144
20,21,San Antonio Spurs,W,SW,33,39,0.45799999999999996,-1.74,111.61,113.35,-1.74,-1.58,111.59,113.17,-1.57,72,103.9,7480.8,-130.16592,-148.24452,0.4423953126488721
21,22,Washington Wizards,E,SE,34,38,0.47200000000000003,-1.83,111.75,113.63,-1.88,-1.84,111.79,113.69,-1.91,72,100.7,7250.400000000001,-136.30752,-155.23912,0.43971644412105715
22,23,Charlotte Hornets,E,SE,33,39,0.45799999999999996,-1.93,111.62,113.69,-2.07,-1.94,111.66,113.75,-2.08,72,105.1,7567.2,-156.64103999999998,-178.39673999999997,0.4308472851416876
23,24,Sacramento Kings,W,P,31,41,0.431,-3.68,114.4,118.0,-3.6,-3.45,114.59,117.94,-3.36,72,103.8,7473.599999999999,-269.0496,-306.4176,0.38181645382069607
24,25,Detroit Pistons,E,C,20,52,0.278,-4.47,108.9,113.53,-4.63,-4.38,108.93,113.48,-4.55,72,102.8,7401.599999999999,-342.69407999999993,-390.2904799999999,0.34969389948317825
25,26,Minnesota Timberwolves,W,NW,23,49,0.319,-5.56,110.18,115.55,-5.36,-5.25,110.26,115.31,-5.05,72,103.6,7459.2,-399.81312,-455.34272,0.3247794800167517
26,27,Houston Rockets,W,SW,17,55,0.23600000000000002,-7.9,107.85,115.69,-7.84,-7.5,107.93,115.35,-7.42,72,103.9,7480.8,-586.49472,-667.95232,0.2433519264538131
27,28,Cleveland Cavaliers,E,C,22,50,0.306,-8.44,106.85,115.65,-8.8,-8.19,106.96,115.51,-8.55,72,100.3,7221.599999999999,-635.5008,-723.7648,0.22197625148579447
28,29,Orlando Magic,E,SE,21,51,0.292,-9.31,105.74,115.22,-9.48,-9.02,105.83,115.03,-9.2,72,101.8,7329.599999999999,-694.8460799999999,-791.3524799999999,0.19609078143460795
29,30,Oklahoma City Thunder,W,NW,22,50,0.306,-10.64,104.32,114.8,-10.48,-10.13,104.36,114.32,-9.96,72,101.2,7286.400000000001,-763.61472,-869.67232,0.1660949911850576
